[Mesh]
 type = GeneratedBIDMesh
 dim = 3
 xmin = 0
 xmax = 110
 ymin = 0
 ymax = 110
 zmin = 0
 zmax = 200
 elem_type = HEX8
 nx = 11
 ny = 11
 nz = 40
 subdomain='

	101 101 101 101 101 101 101 101 101 101 101 
	101 101 101 101 101 101 101 101 101 101 101 
	101 101 101 101 101 101 101 101 101 101 101 
	101 101 101 101 101 101 101 101 101 101 101 
	101 101 101 101 101 101 101 101 101 101 101 
	101 101 101 101 101 101 101 101 101 101 101 
	101 101 101 101 101 101 101 101 101 101 101 
	101 101 101 101 101 101 101 101 101 101 101 
	101 101 101 101 101 101 101 101 101 101 101 
	101 101 101 101 101 101 101 101 101 101 101 
	101 101 101 101 101 101 101 101 101 101 101 

	101 101 101 101 101 101 101 101 101 101 101 
	101 101 101 101 101 101 101 101 101 101 101 
	101 101 101 101 101 101 101 101 101 101 101 
	101 101 101 101 101 101 101 101 101 101 101 
	101 101 101 101 101 101 101 101 101 101 101 
	101 101 101 101 101 101 101 101 101 101 101 
	101 101 101 101 101 101 101 101 101 101 101 
	101 101 101 101 101 101 101 101 101 101 101 
	101 101 101 101 101 101 101 101 101 101 101 
	101 101 101 101 101 101 101 101 101 101 101 
	101 101 101 101 101 101 101 101 101 101 101 

	101 101 101 101 101 101 101 101 101 101 101 
	101 101 101 101 101 101 101 101 101 101 101 
	101 101 101 101 101 101 101 101 101 101 101 
	101 101 101 101 101 101 101 101 101 101 101 
	101 101 101 101 101 101 101 101 101 101 101 
	101 101 101 101 101 101 101 101 101 101 101 
	101 101 101 101 101 101 101 101 101 101 101 
	101 101 101 101 101 101 101 101 101 101 101 
	101 101 101 101 101 101 101 101 101 101 101 
	101 101 101 101 101 101 101 101 101 101 101 
	101 101 101 101 101 101 101 101 101 101 101 

	101 101 101 101 101 101 101 101 101 101 101 
	101 101 101 101 101 101 101 101 101 101 101 
	101 101 101 101 101 101 101 101 101 101 101 
	101 101 101 101 101 101 101 101 101 101 101 
	101 101 101 101 101 101 101 101 101 101 101 
	101 101 101 101 101 101 101 101 101 101 101 
	101 101 101 101 101 101 101 101 101 101 101 
	101 101 101 101 101 101 101 101 101 101 101 
	101 101 101 101 101 101 101 101 101 101 101 
	101 101 101 101 101 101 101 101 101 101 101 
	101 101 101 101 101 101 101 101 101 101 101 

	103 103 103 103 103 103 103 102 102 101 101 
	103 103 103 103 103 103 103 102 102 101 101 
	103 103 103 103 103 103 103 102 102 101 101 
	103 103 103 103 103 103 103 102 102 101 101 
	103 103 103 103 103 103 103 102 102 101 101 
	103 103 103 103 103 102 102 102 102 101 101 
	103 103 103 103 103 102 102 102 102 101 101 
	102 102 102 102 102 102 102 101 101 101 101 
	102 102 102 102 102 102 102 101 101 101 101 
	101 101 101 101 101 101 101 101 101 101 101 
	101 101 101 101 101 101 101 101 101 101 101 
	
	103 103 103 103 103 103 103 102 102 101 101 
	103 103 103 103 103 103 103 102 102 101 101 
	103 103 103 103 103 103 103 102 102 101 101 
	103 103 103 103 103 103 103 102 102 101 101 
	103 103 103 103 103 103 103 102 102 101 101 
	103 103 103 103 103 102 102 102 102 101 101 
	103 103 103 103 103 102 102 102 102 101 101 
	102 102 102 102 102 102 102 101 101 101 101 
	102 102 102 102 102 102 102 101 101 101 101 
	101 101 101 101 101 101 101 101 101 101 101 
	101 101 101 101 101 101 101 101 101 101 101 
	
	103 103 103 103 103 103 103 102 102 101 101 
	103 103 103 103 103 103 103 102 102 101 101 
	103 103 103 103 103 103 103 102 102 101 101 
	103 103 103 103 103 103 103 102 102 101 101 
	103 103 103 103 103 103 103 102 102 101 101 
	103 103 103 103 103 102 102 102 102 101 101 
	103 103 103 103 103 102 102 102 102 101 101 
	102 102 102 102 102 102 102 101 101 101 101 
	102 102 102 102 102 102 102 101 101 101 101 
	101 101 101 101 101 101 101 101 101 101 101 
	101 101 101 101 101 101 101 101 101 101 101 
	
	103 103 103 103 103 103 103 102 102 101 101 
	103 103 103 103 103 103 103 102 102 101 101 
	103 103 103 103 103 103 103 102 102 101 101 
	103 103 103 103 103 103 103 102 102 101 101 
	103 103 103 103 103 103 103 102 102 101 101 
	103 103 103 103 103 102 102 102 102 101 101 
	103 103 103 103 103 102 102 102 102 101 101 
	102 102 102 102 102 102 102 101 101 101 101 
	102 102 102 102 102 102 102 101 101 101 101 
	101 101 101 101 101 101 101 101 101 101 101 
	101 101 101 101 101 101 101 101 101 101 101 
	
	103 103 103 103 103 103 103 102 102 101 101 
	103 103 103 103 103 103 103 102 102 101 101 
	103 103 103 103 103 103 103 102 102 101 101 
	103 103 103 103 103 103 103 102 102 101 101 
	103 103 103 103 103 103 103 102 102 101 101 
	103 103 103 103 103 102 102 102 102 101 101 
	103 103 103 103 103 102 102 102 102 101 101 
	102 102 102 102 102 102 102 101 101 101 101 
	102 102 102 102 102 102 102 101 101 101 101 
	101 101 101 101 101 101 101 101 101 101 101 
	101 101 101 101 101 101 101 101 101 101 101 
	
	103 103 103 103 103 103 103 102 102 101 101 
	103 103 103 103 103 103 103 102 102 101 101 
	103 103 103 103 103 103 103 102 102 101 101 
	103 103 103 103 103 103 103 102 102 101 101 
	103 103 103 103 103 103 103 102 102 101 101 
	103 103 103 103 103 102 102 102 102 101 101 
	103 103 103 103 103 102 102 102 102 101 101 
	102 102 102 102 102 102 102 101 101 101 101 
	102 102 102 102 102 102 102 101 101 101 101 
	101 101 101 101 101 101 101 101 101 101 101 
	101 101 101 101 101 101 101 101 101 101 101 
	
	103 103 103 103 103 103 103 102 102 101 101 
	103 103 103 103 103 103 103 102 102 101 101 
	103 103 103 103 103 103 103 102 102 101 101 
	103 103 103 103 103 103 103 102 102 101 101 
	103 103 103 103 103 103 103 102 102 101 101 
	103 103 103 103 103 102 102 102 102 101 101 
	103 103 103 103 103 102 102 102 102 101 101 
	102 102 102 102 102 102 102 101 101 101 101 
	102 102 102 102 102 102 102 101 101 101 101 
	101 101 101 101 101 101 101 101 101 101 101 
	101 101 101 101 101 101 101 101 101 101 101 
	
	103 103 103 103 103 103 103 102 102 101 101 
	103 103 103 103 103 103 103 102 102 101 101 
	103 103 103 103 103 103 103 102 102 101 101 
	103 103 103 103 103 103 103 102 102 101 101 
	103 103 103 103 103 103 103 102 102 101 101 
	103 103 103 103 103 102 102 102 102 101 101 
	103 103 103 103 103 102 102 102 102 101 101 
	102 102 102 102 102 102 102 101 101 101 101 
	102 102 102 102 102 102 102 101 101 101 101 
	101 101 101 101 101 101 101 101 101 101 101 
	101 101 101 101 101 101 101 101 101 101 101 
	
	301 103 103 103 103 103 103 102 102 101 101 
	103 103 103 103 103 103 103 102 102 101 101 
	103 103 103 103 103 103 103 102 102 101 101 
	103 103 103 301 301 103 103 102 102 101 101 
	103 103 103 301 301 103 103 102 102 101 101 
	103 103 103 103 103 102 102 102 102 101 101 
	103 103 103 103 103 102 102 102 102 101 101 
	102 102 102 102 102 102 102 101 101 101 101 
	102 102 102 102 102 102 102 101 101 101 101 
	101 101 101 101 101 101 101 101 101 101 101 
	101 101 101 101 101 101 101 101 101 101 101 
	
	302 103 103 103 103 103 103 102 102 101 101 
	103 103 103 103 103 103 103 102 102 101 101 
	103 103 103 103 103 103 103 102 102 101 101 
	103 103 103 302 302 103 103 102 102 101 101 
	103 103 103 302 302 103 103 102 102 101 101 
	103 103 103 103 103 102 102 102 102 101 101 
	103 103 103 103 103 102 102 102 102 101 101 
	102 102 102 102 102 102 102 101 101 101 101 
	102 102 102 102 102 102 102 101 101 101 101 
	101 101 101 101 101 101 101 101 101 101 101 
	101 101 101 101 101 101 101 101 101 101 101 
	
	303 103 103 103 103 103 103 102 102 101 101 
	103 103 103 103 103 103 103 102 102 101 101 
	103 103 103 103 103 103 103 102 102 101 101 
	103 103 103 303 303 103 103 102 102 101 101 
	103 103 103 303 303 103 103 102 102 101 101 
	103 103 103 103 103 102 102 102 102 101 101 
	103 103 103 103 103 102 102 102 102 101 101 
	102 102 102 102 102 102 102 101 101 101 101 
	102 102 102 102 102 102 102 101 101 101 101 
	101 101 101 101 101 101 101 101 101 101 101 
	101 101 101 101 101 101 101 101 101 101 101 
	
	304 103 103 103 103 103 103 102 102 101 101 
	103 103 103 103 103 103 103 102 102 101 101 
	103 103 103 103 103 103 103 102 102 101 101 
	103 103 103 304 304 103 103 102 102 101 101 
	103 103 103 304 304 103 103 102 102 101 101 
	103 103 103 103 103 102 102 102 102 101 101 
	103 103 103 103 103 102 102 102 102 101 101 
	102 102 102 102 102 102 102 101 101 101 101 
	102 102 102 102 102 102 102 101 101 101 101 
	101 101 101 101 101 101 101 101 101 101 101 
	101 101 101 101 101 101 101 101 101 101 101 
	
	305 103 103 103 103 103 103 102 102 101 101 
	103 103 103 103 103 103 103 102 102 101 101 
	103 103 103 103 103 103 103 102 102 101 101 
	103 103 103 305 305 103 103 102 102 101 101 
	103 103 103 305 305 103 103 102 102 101 101 
	103 103 103 103 103 102 102 102 102 101 101 
	103 103 103 103 103 102 102 102 102 101 101 
	102 102 102 102 102 102 102 101 101 101 101 
	102 102 102 102 102 102 102 101 101 101 101 
	101 101 101 101 101 101 101 101 101 101 101 
	101 101 101 101 101 101 101 101 101 101 101 
	
	306 103 103 103 103 103 103 102 102 101 101 
	103 103 103 103 103 103 103 102 102 101 101 
	103 103 103 103 103 103 103 102 102 101 101 
	103 103 103 306 306 103 103 102 102 101 101 
	103 103 103 306 306 103 103 102 102 101 101 
	103 103 103 103 103 102 102 102 102 101 101 
	103 103 103 103 103 102 102 102 102 101 101 
	102 102 102 102 102 102 102 101 101 101 101 
	102 102 102 102 102 102 102 101 101 101 101 
	101 101 101 101 101 101 101 101 101 101 101 
	101 101 101 101 101 101 101 101 101 101 101 
	
	307 103 103 103 103 103 103 102 102 101 101 
	103 103 103 103 103 103 103 102 102 101 101 
	103 103 103 103 103 103 103 102 102 101 101 
	103 103 103 307 307 103 103 102 102 101 101 
	103 103 103 307 307 103 103 102 102 101 101 
	103 103 103 103 103 102 102 102 102 101 101 
	103 103 103 103 103 102 102 102 102 101 101 
	102 102 102 102 102 102 102 101 101 101 101 
	102 102 102 102 102 102 102 101 101 101 101 
	101 101 101 101 101 101 101 101 101 101 101 
	101 101 101 101 101 101 101 101 101 101 101 
	
	308 103 103 103 103 103 103 102 102 101 101 
	103 103 103 103 103 103 103 102 102 101 101 
	103 103 103 103 103 103 103 102 102 101 101 
	103 103 103 308 308 103 103 102 102 101 101 
	103 103 103 308 308 103 103 102 102 101 101 
	103 103 103 103 103 102 102 102 102 101 101 
	103 103 103 103 103 102 102 102 102 101 101 
	102 102 102 102 102 102 102 101 101 101 101 
	102 102 102 102 102 102 102 101 101 101 101 
	101 101 101 101 101 101 101 101 101 101 101 
	101 101 101 101 101 101 101 101 101 101 101 
	
	309 103 103 103 103 201 201 102 102 101 101 
	103 103 103 103 103 103 103 102 102 101 101 
	103 103 103 103 103 103 103 102 102 101 101 
	103 103 103 309 309 103 103 102 102 101 101 
	103 103 103 309 309 103 103 102 102 101 101 
	201 103 103 103 103 102 102 102 102 101 101 
	201 103 103 103 103 102 102 102 102 101 101 
	102 102 102 102 102 102 102 101 101 101 101 
	102 102 102 102 102 102 102 101 101 101 101 
	101 101 101 101 101 101 101 101 101 101 101 
	101 101 101 101 101 101 101 101 101 101 101 
	
	310 103 103 103 103 202 202 102 102 101 101 
	103 103 103 103 103 103 103 102 102 101 101 
	103 103 103 103 103 103 103 102 102 101 101 
	103 103 103 310 310 103 103 102 102 101 101 
	103 103 103 310 310 103 103 102 102 101 101 
	202 103 103 103 103 102 102 102 102 101 101 
	202 103 103 103 103 102 102 102 102 101 101 
	102 102 102 102 102 102 102 101 101 101 101 
	102 102 102 102 102 102 102 101 101 101 101 
	101 101 101 101 101 101 101 101 101 101 101 
	101 101 101 101 101 101 101 101 101 101 101 
	
	311 103 103 103 103 203 203 102 102 101 101 
	103 103 103 103 103 103 103 102 102 101 101 
	103 103 103 103 103 103 103 102 102 101 101 
	103 103 103 311 311 103 103 102 102 101 101 
	103 103 103 311 311 103 103 102 102 101 101 
	203 103 103 103 103 102 102 102 102 101 101 
	203 103 103 103 103 102 102 102 102 101 101 
	102 102 102 102 102 102 102 101 101 101 101 
	102 102 102 102 102 102 102 101 101 101 101 
	101 101 101 101 101 101 101 101 101 101 101 
	101 101 101 101 101 101 101 101 101 101 101 
	
	312 103 103 103 103 204 204 102 102 101 101 
	103 103 103 103 103 103 103 102 102 101 101 
	103 103 103 103 103 103 103 102 102 101 101 
	103 103 103 312 312 103 103 102 102 101 101 
	103 103 103 312 312 103 103 102 102 101 101 
	204 103 103 103 103 102 102 102 102 101 101 
	204 103 103 103 103 102 102 102 102 101 101 
	102 102 102 102 102 102 102 101 101 101 101 
	102 102 102 102 102 102 102 101 101 101 101 
	101 101 101 101 101 101 101 101 101 101 101 
	101 101 101 101 101 101 101 101 101 101 101 
	
	313 103 103 103 103 205 205 102 102 101 101 
	103 103 103 103 103 103 103 102 102 101 101 
	103 103 103 103 103 103 103 102 102 101 101 
	103 103 103 313 313 103 103 102 102 101 101 
	103 103 103 313 313 103 103 102 102 101 101 
	205 103 103 103 103 102 102 102 102 101 101 
	205 103 103 103 103 102 102 102 102 101 101 
	102 102 102 102 102 102 102 101 101 101 101 
	102 102 102 102 102 102 102 101 101 101 101 
	101 101 101 101 101 101 101 101 101 101 101 
	101 101 101 101 101 101 101 101 101 101 101 
	
	314 103 103 103 103 206 206 102 102 101 101 
	103 103 103 103 103 103 103 102 102 101 101 
	103 103 103 103 103 103 103 102 102 101 101 
	103 103 103 314 314 103 103 102 102 101 101 
	103 103 103 314 314 103 103 102 102 101 101 
	206 103 103 103 103 102 102 102 102 101 101 
	206 103 103 103 103 102 102 102 102 101 101 
	102 102 102 102 102 102 102 101 101 101 101 
	102 102 102 102 102 102 102 101 101 101 101 
	101 101 101 101 101 101 101 101 101 101 101 
	101 101 101 101 101 101 101 101 101 101 101 
	
	315 103 103 103 103 207 207 102 102 101 101 
	103 103 103 103 103 103 103 102 102 101 101 
	103 103 103 103 103 103 103 102 102 101 101 
	103 103 103 315 315 103 103 102 102 101 101 
	103 103 103 315 315 103 103 102 102 101 101 
	207 103 103 103 103 102 102 102 102 101 101 
	207 103 103 103 103 102 102 102 102 101 101 
	102 102 102 102 102 102 102 101 101 101 101 
	102 102 102 102 102 102 102 101 101 101 101 
	101 101 101 101 101 101 101 101 101 101 101 
	101 101 101 101 101 101 101 101 101 101 101 
	
	316 103 103 103 103 208 208 102 102 101 101 
	103 103 103 103 103 103 103 102 102 101 101 
	103 103 103 103 103 103 103 102 102 101 101 
	103 103 103 316 316 103 103 102 102 101 101 
	103 103 103 316 316 103 103 102 102 101 101 
	208 103 103 103 103 102 102 102 102 101 101 
	208 103 103 103 103 102 102 102 102 101 101 
	102 102 102 102 102 102 102 101 101 101 101 
	102 102 102 102 102 102 102 101 101 101 101 
	101 101 101 101 101 101 101 101 101 101 101 
	101 101 101 101 101 101 101 101 101 101 101 
	
	317 103 103 103 103 209 209 102 102 101 101 
	103 103 103 103 103 103 103 102 102 101 101 
	103 103 103 103 103 103 103 102 102 101 101 
	103 103 103 317 317 103 103 102 102 101 101 
	103 103 103 317 317 103 103 102 102 101 101 
	209 103 103 103 103 102 102 102 102 101 101 
	209 103 103 103 103 102 102 102 102 101 101 
	102 102 102 102 102 102 102 101 101 101 101 
	102 102 102 102 102 102 102 101 101 101 101 
	101 101 101 101 101 101 101 101 101 101 101 
	101 101 101 101 101 101 101 101 101 101 101 
	
	318 103 103 103 103 210 210 102 102 101 101 
	103 103 103 103 103 103 103 102 102 101 101 
	103 103 103 103 103 103 103 102 102 101 101 
	103 103 103 318 318 103 103 102 102 101 101 
	103 103 103 318 318 103 103 102 102 101 101 
	210 103 103 103 103 102 102 102 102 101 101 
	210 103 103 103 103 102 102 102 102 101 101 
	102 102 102 102 102 102 102 101 101 101 101 
	102 102 102 102 102 102 102 101 101 101 101 
	101 101 101 101 101 101 101 101 101 101 101 
	101 101 101 101 101 101 101 101 101 101 101 
	
	319 103 103 103 103 211 211 102 102 101 101 
	103 103 103 103 103 103 103 102 102 101 101 
	103 103 103 103 103 103 103 102 102 101 101 
	103 103 103 319 319 103 103 102 102 101 101 
	103 103 103 319 319 103 103 102 102 101 101 
	211 103 103 103 103 102 102 102 102 101 101 
	211 103 103 103 103 102 102 102 102 101 101 
	102 102 102 102 102 102 102 101 101 101 101 
	102 102 102 102 102 102 102 101 101 101 101 
	101 101 101 101 101 101 101 101 101 101 101 
	101 101 101 101 101 101 101 101 101 101 101 
	
	320 103 103 103 103 212 212 102 102 101 101 
	103 103 103 103 103 103 103 102 102 101 101 
	103 103 103 103 103 103 103 102 102 101 101 
	103 103 103 320 320 103 103 102 102 101 101 
	103 103 103 320 320 103 103 102 102 101 101 
	212 103 103 103 103 102 102 102 102 101 101 
	212 103 103 103 103 102 102 102 102 101 101 
	102 102 102 102 102 102 102 101 101 101 101 
	102 102 102 102 102 102 102 101 101 101 101 
	101 101 101 101 101 101 101 101 101 101 101 
	101 101 101 101 101 101 101 101 101 101 101 
	
	321 103 103 103 103 213 213 102 102 101 101 
	103 103 103 103 103 103 103 102 102 101 101 
	103 103 103 103 103 103 103 102 102 101 101 
	103 103 103 321 321 103 103 102 102 101 101 
	103 103 103 321 321 103 103 102 102 101 101 
	213 103 103 103 103 102 102 102 102 101 101 
	213 103 103 103 103 102 102 102 102 101 101 
	102 102 102 102 102 102 102 101 101 101 101 
	102 102 102 102 102 102 102 101 101 101 101 
	101 101 101 101 101 101 101 101 101 101 101 
	101 101 101 101 101 101 101 101 101 101 101 
	
	322 103 103 103 103 214 214 102 102 101 101 
	103 103 103 103 103 103 103 102 102 101 101 
	103 103 103 103 103 103 103 102 102 101 101 
	103 103 103 322 322 103 103 102 102 101 101 
	103 103 103 322 322 103 103 102 102 101 101 
	214 103 103 103 103 102 102 102 102 101 101 
	214 103 103 103 103 102 102 102 102 101 101 
	102 102 102 102 102 102 102 101 101 101 101 
	102 102 102 102 102 102 102 101 101 101 101 
	101 101 101 101 101 101 101 101 101 101 101 
	101 101 101 101 101 101 101 101 101 101 101 
	
	323 103 103 103 103 215 215 102 102 101 101 
	103 103 103 103 103 103 103 102 102 101 101 
	103 103 103 103 103 103 103 102 102 101 101 
	103 103 103 323 323 103 103 102 102 101 101 
	103 103 103 323 323 103 103 102 102 101 101 
	215 103 103 103 103 102 102 102 102 101 101 
	215 103 103 103 103 102 102 102 102 101 101 
	102 102 102 102 102 102 102 101 101 101 101 
	102 102 102 102 102 102 102 101 101 101 101 
	101 101 101 101 101 101 101 101 101 101 101 
	101 101 101 101 101 101 101 101 101 101 101 
	
	324 103 103 103 103 216 216 102 102 101 101 
	103 103 103 103 103 103 103 102 102 101 101 
	103 103 103 103 103 103 103 102 102 101 101 
	103 103 103 324 324 103 103 102 102 101 101 
	103 103 103 324 324 103 103 102 102 101 101 
	216 103 103 103 103 102 102 102 102 101 101 
	216 103 103 103 103 102 102 102 102 101 101 
	102 102 102 102 102 102 102 101 101 101 101 
	102 102 102 102 102 102 102 101 101 101 101 
	101 101 101 101 101 101 101 101 101 101 101 
	101 101 101 101 101 101 101 101 101 101 101 
	
	101 101 101 101 101 101 101 101 101 101 101 
	101 101 101 101 101 101 101 101 101 101 101 
	101 101 101 101 101 101 101 101 101 101 101 
	101 101 101 101 101 101 101 101 101 101 101 
	101 101 101 101 101 101 101 101 101 101 101 
	101 101 101 101 101 101 101 101 101 101 101 
	101 101 101 101 101 101 101 101 101 101 101 
	101 101 101 101 101 101 101 101 101 101 101 
	101 101 101 101 101 101 101 101 101 101 101 
	101 101 101 101 101 101 101 101 101 101 101 
	101 101 101 101 101 101 101 101 101 101 101 
	
	101 101 101 101 101 101 101 101 101 101 101 
	101 101 101 101 101 101 101 101 101 101 101 
	101 101 101 101 101 101 101 101 101 101 101 
	101 101 101 101 101 101 101 101 101 101 101 
	101 101 101 101 101 101 101 101 101 101 101 
	101 101 101 101 101 101 101 101 101 101 101 
	101 101 101 101 101 101 101 101 101 101 101 
	101 101 101 101 101 101 101 101 101 101 101 
	101 101 101 101 101 101 101 101 101 101 101 
	101 101 101 101 101 101 101 101 101 101 101 
	101 101 101 101 101 101 101 101 101 101 101 
	
	101 101 101 101 101 101 101 101 101 101 101 
	101 101 101 101 101 101 101 101 101 101 101 
	101 101 101 101 101 101 101 101 101 101 101 
	101 101 101 101 101 101 101 101 101 101 101 
	101 101 101 101 101 101 101 101 101 101 101 
	101 101 101 101 101 101 101 101 101 101 101 
	101 101 101 101 101 101 101 101 101 101 101 
	101 101 101 101 101 101 101 101 101 101 101 
	101 101 101 101 101 101 101 101 101 101 101 
	101 101 101 101 101 101 101 101 101 101 101 
	101 101 101 101 101 101 101 101 101 101 101 
	
	101 101 101 101 101 101 101 101 101 101 101 
	101 101 101 101 101 101 101 101 101 101 101 
	101 101 101 101 101 101 101 101 101 101 101 
	101 101 101 101 101 101 101 101 101 101 101 
	101 101 101 101 101 101 101 101 101 101 101 
	101 101 101 101 101 101 101 101 101 101 101 
	101 101 101 101 101 101 101 101 101 101 101 
	101 101 101 101 101 101 101 101 101 101 101 
	101 101 101 101 101 101 101 101 101 101 101 
	101 101 101 101 101 101 101 101 101 101 101 
	101 101 101 101 101 101 101 101 101 101 101 
	
	'

 uniform_refine = 0
 second_order = false 
[]